10374
10373
10372
10371
10370
10369
10368
10367
3323
10366
10365
10364
10363
10362
10361
10360
10359
8257
10358
10357
10356
10355
3643
10354
10353
10352
10351
10348
10347
10346
13852
10345
10344
3687
3730
3731
10343
10342
10428
10340
4713
4127
4136
4231
13836
13837
13839
13840
13841
13843
13844
13846
13848
13850
4417
4429
4430
4431
4439
4442
4446
13939
13969
13968
13966
13965
13963
13962
13961
13958
13959
13956
13955
13954
13952
13950
13948
13947
13945
13944
13943
13941
13936
13934
13933
13932
13931
13929
13928
13927
13926
13925
13922
13921
13919
13916
13915
13914
13913
13912
13911
13910
13908
13907
13906
13905
13901
13899
13898
13896
13892
13888
13887
13886
13885
13884
13881
13880
10339
10375
10379
10382
10384
10386
10395
10399
10419
10429
10445
13937
13004
13864
13859
13854
13853
13869
13012
13609
13626
13641
13686
