13049
13022
13027
13056
3689
3705
3701
3695
3692
3702
3700
13052
3697
3696
3694
3693
3983
3688
3590
3591
13547
13037
13059
3597
3598
3599
3600
3601
3602
3603
3604
3605
3606
3607
3608
3609
3610
3612
3613
3615
3616
3617
3618
3620
3621
3622
3623
3624
3625
3626
3627
12965
12966
12967
3630
3632
3633
3635
3636
3637
13047
13048
13051
12974
12969
13359
3642
13040
13041
13042
13043
13044
13045
13046
3644
3646
3647
3648
3649
3650
3651
3652
3653
12792
3654
3655
3656
3657
3658
3659
10350
12889
12890
12891
3660
3661
3662
3663
12970
12971
3664
3665
3666
3668
13060
3671
3672
3673
3674
3676
14015
14016
14017
14018
14019
3677
14009
14014
3678
3679
14007
14008
3680
3681
14010
14011
14012
14013
3682
3683
14005
14004
3684
3685
3686
12814
12815
3708
3709
3710
13055
3712
3713
3714
3715
3716
3717
3718
3719
12786
12787
3721
3722
3723
3725
3726
3729
3732
3733
3734
4712
3891
3892
3893
3894
3939
3896
3897
3898
3899
3900
3901
3903
3904
3905
3906
3907
3908
3909
3910
3911
3988
4714
4710
4709
3987
3985
3986
3970
3984
3976
14006
3957
3989
3990
3991
3992
3993
3994
3995
3996
3997
3998
3999
4000
4001
4002
4003
4004
4005
4006
4007
4008
4009
4010
4011
4012
4013
4014
4015
4016
4017
4018
4019
4020
4021
4022
4023
4024
4025
4026
4027
4028
4029
4030
4031
4032
4033
4035
4036
4037
4038
4039
4040
4041
4042
13498
13499
4044
4045
4046
4047
4048
4049
4050
4051
4052
4053
4054
4056
4057
4058
4059
4060
4061
4062
12984
12985
4064
4065
4066
12821
12822
4068
4069
4070
4071
4073
4074
4075
4076
4077
4079
4080
4081
4082
4083
4084
4085
4086
4087
4088
4090
4091
4092
4093
13058
4096
4097
4098
4099
4100
4101
4102
4103
4104
4105
4106
4107
4108
4109
4110
4111
4112
4113
4114
13226
4116
4117
4118
4119
4120
4122
4123
4124
4125
4126
4129
4130
4131
4132
4133
4134
4135
4137
4138
4139
4140
4141
4142
4143
4144
4145
4146
4147
4148
4149
4150
4151
4152
4153
4154
4155
4156
4157
4158
4159
4160
4161
4162
4163
4164
4165
4166
4167
4168
4169
4170
4171
4172
4173
4174
4175
4176
4177
4178
4179
4180
4181
4182
4183
4184
4185
4186
4187
4188
13970
4191
4192
4193
4194
4195
4196
4197
4198
4199
4201
4202
4203
12794
12793
4205
4206
4207
4208
4209
4210
4211
4212
4213
4214
4215
4216
4217
4218
4219
4220
4221
4222
4223
4224
4225
4226
4227
4228
4229
4230
4232
4233
4234
4235
4236
4237
12995
12996
4239
4240
4241
4242
4243
4244
4245
4246
4247
4248
4249
4250
4251
4252
4253
4254
4255
4256
4257
4258
4259
4260
4261
4262
4263
4264
4265
4266
4267
4268
4269
4270
4271
4272
4273
4274
4276
4277
4278
4279
4280
4281
4282
4283
4284
4285
4286
4288
4289
4290
4291
12987
12989
4293
4294
4296
4297
4298
4299
4300
4301
4302
4304
4306
4307
4308
4309
4310
4311
4312
4313
4314
4315
4316
4317
4320
4321
4322
4323
4325
4326
4327
4328
4329
4330
4331
4332
4333
4334
4335
4336
4337
4338
4339
4340
4341
4342
4343
4344
4345
4346
4347
4348
4349
4350
4351
4352
4353
4354
4355
4356
4357
4358
4359
4360
4361
4362
4363
4364
4365
4366
4367
4368
4369
4370
4371
4372
4373
4374
4375
4376
4377
4378
4379
4380
4381
4382
4384
4385
13531
13532
13533
13530
13485
13487
4387
13980
13981
13982
13983
13984
13529
13527
13528
13525
13526
4390
4391
4392
4393
13524
13463
13521
13522
13523
13519
13518
13517
13515
13516
13514
13512
13513
13536
13511
13510
4396
4397
13441
13442
13443
13444
13446
13447
13432
13433
13434
13435
13436
13437
13438
13439
13440
4400
4401
13420
13423
13424
13425
13426
13427
4403
13415
13416
13417
13418
13419
13410
13411
13412
13413
13414
13405
13406
13407
4407
4408
4409
4410
4411
4412
4413
4414
4415
4416
4418
4419
4420
4421
4422
4423
4424
4425
4426
4427
4432
4433
4434
4435
4436
4437
13014
13015
4440
4443
4444
4445
4448
4450
4451
4452
4453
4455
4458
13244
13245
13246
4461
4464
4468
4471
4472
4474
4477
4479
4481
4482
4485
4486
4487
4488
4489
4490
4491
4492
4493
4494
4495
4496
4497
4498
4499
4500
4501
4502
4503
4504
4505
4507
4508
4509
4510
4511
4512
4513
4514
4515
4516
4517
4518
4519
4520
4521
4523
4524
4525
4526
4527
4528
4529
4530
4531
4532
4533
4534
4535
4536
4537
4538
4539
4540
4541
4542
4543
4544
4545
4546
4547
4548
4549
4550
4551
4552
4553
4554
4555
4556
4557
4558
4559
4560
4561
4562
4563
4564
4565
4566
4567
4568
4569
4570
4571
4572
4573
4574
4575
4576
4577
4578
4579
4580
4581
4582
4583
4584
4585
4586
4587
4588
4589
4590
4591
4592
4593
4594
4596
4602
4605
12972
4607
4608
4609
4610
4611
4612
4613
4614
4615
4616
4617
4618
4620
4621
4622
4623
4624
4625
4627
4628
4629
4630
4631
4632
4633
4634
4635
4636
4637
4638
4639
4640
4641
4642
4643
4644
4645
4646
4647
4648
4649
4650
4651
4652
4653
4654
4655
4656
4657
4658
4659
4660
4661
4662
4663
4664
4665
4666
4667
4668
4669
4670
4671
4672
4673
4674
4675
4676
4677
4678
4679
4680
4681
4682
4683
4684
4685
4686
4687
4688
4689
4690
4691
4692
4693
4694
4695
4696
4697
4698
4699
4700
4701
4702
4703
4707
13224
13225
12979
13009
13008
13358
13016
13032
13033
13034
13035
12791
13031
12888
12798
13010
12963
12816
12778
13057
12779
12780
12781
12789
12790
12834
12838
12839
12840
12842
12844
12986
12846
12847
12848
12964
13030
12980
13019
12982
13029
12892
12998
12893
13028
12894
12895
12896
12897
12898
12899
12900
12901
12902
12903
12904
12905
12906
12907
12908
12909
12910
12911
12912
12913
12914
12915
12916
12917
12918
12919
13050
12991
12921
12922
12923
12924
12925
12926
12927
12928
12929
12930
12931
12932
12933
12934
12935
12936
12944
12990
13036
12939
12981
13018
12997
12983
13023
13024
13025
13026
12940
12941
12943
12961
12962
12942
12978
12988
12946
12947
12957
12958
12948
12955
12956
12952
12950
12954
13013
12975
12976
12977
12999
13000
13001
13002
13020
13003
13017
13256
13105
13303
13221
13222
13220
13258
13259
13268
13255
13272
13273
13233
13269
13286
13285
13343
13344
13352
13241
13277
13257
13237
13238
13283
13250
13235
13223
13280
13266
13267
13284
13231
13363
13365
13368
13370
13371
13373
13390
13375
13376
13378
13380
13385
13496
13388
13389
13492
13537
13408
13505
13475
13539
13534
13535
13494
13978
13979
13985
13986
13987
13988
13989
13990
13991
13992
13993
13994
13995
13996
13997
13998
13999
14000
14001
14002
14070
14115
14077
14074
14072
14073
14075
14076
14100
14102
14079
14033
14034
14035
14036
14037
14038
14039
14040
14041
14042
14043
14044
14045
14046
14047
14048
14049
14050
14020
14021
14022
14023
14024
14025
14026
14027
14028
14029
14030
14031
14061
14062
14063
14064
14065
14066
14067
14068
14069
14071
14051
14054
14055
14056
14057
14058
14059
14060
14052
14053
14092
14103
14104
14105
14106
14107
14108
14109
14110
14111
14112
14113
14114
14116
14117
14118
14119
14120
14121
14122
14078
14101
14081
14082
14083
14084
14085
14086
14087
14088
14089
14090
14091
14093
14094
14095
14096
14097
14098
14099
14080
14032
