12807
12808
12809
12810
12802
12804
12805
12806
11234
11235
11236
11237
11238
11239
11240
11241
11242
11243
11244
11245
11246
11247
11248
11249
11250
11251
11252
11253
11254
11255
11256
11257
11258
11507
11505
11501
11494
11495
11492
11490
11486
11481
11482
11483
11477
11506
11504
11502
11499
11500
11498
11497
11496
11493
11491
11487
11488
11489
11485
11484
11478
11479
11480
11476
11475
12745
12746
12747
12748
12749
12750
12751
12752
12754
12755
12756
12757
12758
12759
12760
12761
12762
12763
12764
12765
12766
12767
12768
12769
12770
12771
12772
12773
12774
12803
12811
12812
12813
